{
 "cells": [
  {
   "cell_type": "code",
   "execution_count": 1,
   "id": "1ad50215",
   "metadata": {},
   "outputs": [],
   "source": [
    "import scipy.io\n",
    "import scipy.sparse.linalg as sp_linalg\n",
    "import pandas as pd\n",
    "import networkx as nx\n",
    "import numpy as np\n",
    "from sklearn.preprocessing import OneHotEncoder"
   ]
  },
  {
   "cell_type": "code",
   "execution_count": 2,
   "id": "cd32da63",
   "metadata": {},
   "outputs": [],
   "source": [
    "name = 'mutag'\n",
    "node_labels = True\n",
    "l = 3\n",
    "num_eig = 3"
   ]
  },
  {
   "cell_type": "code",
   "execution_count": 3,
   "id": "abdfe5ed",
   "metadata": {},
   "outputs": [
    {
     "data": {
      "text/plain": [
       "['lmutag', 'mutag']"
      ]
     },
     "execution_count": 3,
     "metadata": {},
     "output_type": "execute_result"
    }
   ],
   "source": [
    "dataset = scipy.io.loadmat('datasets/'+name+'.mat')\n",
    "names = list(dataset.keys())[3:]\n",
    "names\n"
   ]
  },
  {
   "cell_type": "code",
   "execution_count": 4,
   "id": "8b5d07bd",
   "metadata": {},
   "outputs": [
    {
     "data": {
      "text/plain": [
       "array([3., 3., 3., 3., 3., 3., 3., 3., 3., 3., 3., 3., 3., 3., 3., 3., 3.,\n",
       "       3., 3., 3., 6., 7., 7.])"
      ]
     },
     "execution_count": 4,
     "metadata": {},
     "output_type": "execute_result"
    }
   ],
   "source": [
    "Graphs = dataset[names[1]][0]\n",
    "labels = Graphs[0][1][0][0][0].flatten()\n",
    "total = len(Graphs[0])\n",
    "labels"
   ]
  },
  {
   "cell_type": "code",
   "execution_count": 5,
   "id": "3d072600",
   "metadata": {},
   "outputs": [
    {
     "data": {
      "text/plain": [
       "(array([3., 6., 7.]),\n",
       " array([[1., 0., 0.],\n",
       "        [1., 0., 0.],\n",
       "        [1., 0., 0.],\n",
       "        [1., 0., 0.],\n",
       "        [1., 0., 0.],\n",
       "        [1., 0., 0.],\n",
       "        [1., 0., 0.],\n",
       "        [1., 0., 0.],\n",
       "        [1., 0., 0.],\n",
       "        [1., 0., 0.],\n",
       "        [1., 0., 0.],\n",
       "        [1., 0., 0.],\n",
       "        [1., 0., 0.],\n",
       "        [1., 0., 0.],\n",
       "        [1., 0., 0.],\n",
       "        [1., 0., 0.],\n",
       "        [1., 0., 0.],\n",
       "        [1., 0., 0.],\n",
       "        [1., 0., 0.],\n",
       "        [1., 0., 0.],\n",
       "        [0., 1., 0.],\n",
       "        [0., 0., 1.],\n",
       "        [0., 0., 1.]]))"
      ]
     },
     "execution_count": 5,
     "metadata": {},
     "output_type": "execute_result"
    }
   ],
   "source": [
    "def process_labels(lab):\n",
    "    unique = np.unique(lab.flatten())\n",
    "    enc = OneHotEncoder(handle_unknown='ignore')\n",
    "    enc.fit(unique.reshape(-1, 1))\n",
    "    oneHot = enc.transform(lab.reshape(-1, 1)).toarray()\n",
    "    return unique, oneHot\n",
    "process_labels(labels)"
   ]
  },
  {
   "cell_type": "code",
   "execution_count": 6,
   "id": "25eda48d",
   "metadata": {},
   "outputs": [
    {
     "name": "stdout",
     "output_type": "stream",
     "text": [
      "[[2. 2. 3. 2. 2. 3. 3. 2. 2. 3. 3. 3. 3. 2. 3. 3. 2. 2. 2. 2. 3. 1. 1.]]\n"
     ]
    },
    {
     "name": "stderr",
     "output_type": "stream",
     "text": [
      "/tmp/ipykernel_23017/4021707887.py:3: FutureWarning: adjacency_matrix will return a scipy.sparse array instead of a matrix in Networkx 3.0.\n",
      "  A = nx.adjacency_matrix(G).todense()\n"
     ]
    },
    {
     "data": {
      "text/plain": [
       "array([[2., 0., 0., 0., 0., 0., 0., 0., 0., 0., 0., 0., 0., 0., 0., 0.,\n",
       "        0., 0., 0., 0., 0., 0., 0.],\n",
       "       [0., 2., 0., 0., 0., 0., 0., 0., 0., 0., 0., 0., 0., 0., 0., 0.,\n",
       "        0., 0., 0., 0., 0., 0., 0.],\n",
       "       [0., 0., 3., 0., 0., 0., 0., 0., 0., 0., 0., 0., 0., 0., 0., 0.,\n",
       "        0., 0., 0., 0., 0., 0., 0.],\n",
       "       [0., 0., 0., 2., 0., 0., 0., 0., 0., 0., 0., 0., 0., 0., 0., 0.,\n",
       "        0., 0., 0., 0., 0., 0., 0.],\n",
       "       [0., 0., 0., 0., 2., 0., 0., 0., 0., 0., 0., 0., 0., 0., 0., 0.,\n",
       "        0., 0., 0., 0., 0., 0., 0.],\n",
       "       [0., 0., 0., 0., 0., 3., 0., 0., 0., 0., 0., 0., 0., 0., 0., 0.,\n",
       "        0., 0., 0., 0., 0., 0., 0.],\n",
       "       [0., 0., 0., 0., 0., 0., 3., 0., 0., 0., 0., 0., 0., 0., 0., 0.,\n",
       "        0., 0., 0., 0., 0., 0., 0.],\n",
       "       [0., 0., 0., 0., 0., 0., 0., 2., 0., 0., 0., 0., 0., 0., 0., 0.,\n",
       "        0., 0., 0., 0., 0., 0., 0.],\n",
       "       [0., 0., 0., 0., 0., 0., 0., 0., 2., 0., 0., 0., 0., 0., 0., 0.,\n",
       "        0., 0., 0., 0., 0., 0., 0.],\n",
       "       [0., 0., 0., 0., 0., 0., 0., 0., 0., 3., 0., 0., 0., 0., 0., 0.,\n",
       "        0., 0., 0., 0., 0., 0., 0.],\n",
       "       [0., 0., 0., 0., 0., 0., 0., 0., 0., 0., 3., 0., 0., 0., 0., 0.,\n",
       "        0., 0., 0., 0., 0., 0., 0.],\n",
       "       [0., 0., 0., 0., 0., 0., 0., 0., 0., 0., 0., 3., 0., 0., 0., 0.,\n",
       "        0., 0., 0., 0., 0., 0., 0.],\n",
       "       [0., 0., 0., 0., 0., 0., 0., 0., 0., 0., 0., 0., 3., 0., 0., 0.,\n",
       "        0., 0., 0., 0., 0., 0., 0.],\n",
       "       [0., 0., 0., 0., 0., 0., 0., 0., 0., 0., 0., 0., 0., 2., 0., 0.,\n",
       "        0., 0., 0., 0., 0., 0., 0.],\n",
       "       [0., 0., 0., 0., 0., 0., 0., 0., 0., 0., 0., 0., 0., 0., 3., 0.,\n",
       "        0., 0., 0., 0., 0., 0., 0.],\n",
       "       [0., 0., 0., 0., 0., 0., 0., 0., 0., 0., 0., 0., 0., 0., 0., 3.,\n",
       "        0., 0., 0., 0., 0., 0., 0.],\n",
       "       [0., 0., 0., 0., 0., 0., 0., 0., 0., 0., 0., 0., 0., 0., 0., 0.,\n",
       "        2., 0., 0., 0., 0., 0., 0.],\n",
       "       [0., 0., 0., 0., 0., 0., 0., 0., 0., 0., 0., 0., 0., 0., 0., 0.,\n",
       "        0., 2., 0., 0., 0., 0., 0.],\n",
       "       [0., 0., 0., 0., 0., 0., 0., 0., 0., 0., 0., 0., 0., 0., 0., 0.,\n",
       "        0., 0., 2., 0., 0., 0., 0.],\n",
       "       [0., 0., 0., 0., 0., 0., 0., 0., 0., 0., 0., 0., 0., 0., 0., 0.,\n",
       "        0., 0., 0., 2., 0., 0., 0.],\n",
       "       [0., 0., 0., 0., 0., 0., 0., 0., 0., 0., 0., 0., 0., 0., 0., 0.,\n",
       "        0., 0., 0., 0., 3., 0., 0.],\n",
       "       [0., 0., 0., 0., 0., 0., 0., 0., 0., 0., 0., 0., 0., 0., 0., 0.,\n",
       "        0., 0., 0., 0., 0., 1., 0.],\n",
       "       [0., 0., 0., 0., 0., 0., 0., 0., 0., 0., 0., 0., 0., 0., 0., 0.,\n",
       "        0., 0., 0., 0., 0., 0., 1.]])"
      ]
     },
     "execution_count": 6,
     "metadata": {},
     "output_type": "execute_result"
    }
   ],
   "source": [
    "G = nx.from_numpy_matrix(Graphs[0][0])\n",
    "#A es la matriz de adjacencia del grafo\n",
    "A = nx.adjacency_matrix(G).todense()\n",
    "#d es el arreglo de grados del grafo\n",
    "d = A * np.ones((G.number_of_nodes(), 1))\n",
    "#D es la matriz de grados diagonales\n",
    "print(d.transpose())\n",
    "D = np.diag(d.transpose().tolist()[0])\n",
    "D"
   ]
  },
  {
   "cell_type": "code",
   "execution_count": 7,
   "id": "d1f7f9a0",
   "metadata": {},
   "outputs": [],
   "source": [
    "#M es la matriz de markov del grafo\n",
    "M = np.linalg.inv(D) * A"
   ]
  },
  {
   "cell_type": "code",
   "execution_count": 8,
   "id": "9c3d8b7a",
   "metadata": {},
   "outputs": [],
   "source": [
    "#np.transpose(d)\n",
    "# m es la cantidad de arcos del grafo\n",
    "m = len(G.edges)\n",
    "#pi es el vector de distribución estacionaria\n",
    "pi = d.transpose() / (2*m)\n",
    "#PI es la matriz diagonal de distribución estacionaria\n",
    "PI = np.diag(pi.tolist()[0])"
   ]
  },
  {
   "cell_type": "code",
   "execution_count": 9,
   "id": "2bb7c984",
   "metadata": {},
   "outputs": [
    {
     "name": "stdout",
     "output_type": "stream",
     "text": [
      "(23, 23) (1, 23) (23, 23)\n"
     ]
    },
    {
     "data": {
      "text/plain": [
       "matrix([[-0.00137174,  0.01714678, -0.00205761, -0.00137174, -0.00137174,\n",
       "         -0.00205761, -0.00205761, -0.00137174, -0.00137174, -0.00205761,\n",
       "         -0.00205761, -0.00205761, -0.00205761,  0.01714678, -0.00205761,\n",
       "         -0.00205761, -0.00137174, -0.00137174, -0.00137174, -0.00137174,\n",
       "         -0.00205761, -0.00068587, -0.00068587],\n",
       "        [ 0.01714678, -0.00137174,  0.01646091, -0.00137174, -0.00137174,\n",
       "         -0.00205761, -0.00205761, -0.00137174, -0.00137174, -0.00205761,\n",
       "         -0.00205761, -0.00205761, -0.00205761, -0.00137174, -0.00205761,\n",
       "         -0.00205761, -0.00137174, -0.00137174, -0.00137174, -0.00137174,\n",
       "         -0.00205761, -0.00068587, -0.00068587],\n",
       "        [-0.00205761,  0.01646091, -0.00308642,  0.01646091, -0.00205761,\n",
       "         -0.00308642, -0.00308642, -0.00205761, -0.00205761, -0.00308642,\n",
       "         -0.00308642,  0.0154321 , -0.00308642, -0.00205761, -0.00308642,\n",
       "         -0.00308642, -0.00205761, -0.00205761, -0.00205761, -0.00205761,\n",
       "         -0.00308642, -0.00102881, -0.00102881],\n",
       "        [-0.00137174, -0.00137174,  0.01646091, -0.00137174,  0.01714678,\n",
       "         -0.00205761, -0.00205761, -0.00137174, -0.00137174, -0.00205761,\n",
       "         -0.00205761, -0.00205761, -0.00205761, -0.00137174, -0.00205761,\n",
       "         -0.00205761, -0.00137174, -0.00137174, -0.00137174, -0.00137174,\n",
       "         -0.00205761, -0.00068587, -0.00068587],\n",
       "        [-0.00137174, -0.00137174, -0.00205761,  0.01714678, -0.00137174,\n",
       "          0.01646091, -0.00205761, -0.00137174, -0.00137174, -0.00205761,\n",
       "         -0.00205761, -0.00205761, -0.00205761, -0.00137174, -0.00205761,\n",
       "         -0.00205761, -0.00137174, -0.00137174, -0.00137174, -0.00137174,\n",
       "         -0.00205761, -0.00068587, -0.00068587],\n",
       "        [-0.00205761, -0.00205761, -0.00308642, -0.00205761,  0.01646091,\n",
       "         -0.00308642,  0.0154321 , -0.00205761, -0.00205761, -0.00308642,\n",
       "          0.0154321 , -0.00308642, -0.00308642, -0.00205761, -0.00308642,\n",
       "         -0.00308642, -0.00205761, -0.00205761, -0.00205761, -0.00205761,\n",
       "         -0.00308642, -0.00102881, -0.00102881],\n",
       "        [-0.00205761, -0.00205761, -0.00308642, -0.00205761, -0.00205761,\n",
       "          0.0154321 , -0.00308642,  0.01646091, -0.00205761, -0.00308642,\n",
       "         -0.00308642, -0.00308642, -0.00308642, -0.00205761, -0.00308642,\n",
       "         -0.00308642, -0.00205761, -0.00205761, -0.00205761, -0.00205761,\n",
       "          0.0154321 , -0.00102881, -0.00102881],\n",
       "        [-0.00137174, -0.00137174, -0.00205761, -0.00137174, -0.00137174,\n",
       "         -0.00205761,  0.01646091, -0.00137174,  0.01714678, -0.00205761,\n",
       "         -0.00205761, -0.00205761, -0.00205761, -0.00137174, -0.00205761,\n",
       "         -0.00205761, -0.00137174, -0.00137174, -0.00137174, -0.00137174,\n",
       "         -0.00205761, -0.00068587, -0.00068587],\n",
       "        [-0.00137174, -0.00137174, -0.00205761, -0.00137174, -0.00137174,\n",
       "         -0.00205761, -0.00205761,  0.01714678, -0.00137174,  0.01646091,\n",
       "         -0.00205761, -0.00205761, -0.00205761, -0.00137174, -0.00205761,\n",
       "         -0.00205761, -0.00137174, -0.00137174, -0.00137174, -0.00137174,\n",
       "         -0.00205761, -0.00068587, -0.00068587],\n",
       "        [-0.00205761, -0.00205761, -0.00308642, -0.00205761, -0.00205761,\n",
       "         -0.00308642, -0.00308642, -0.00205761,  0.01646091, -0.00308642,\n",
       "          0.0154321 , -0.00308642, -0.00308642, -0.00205761, -0.00308642,\n",
       "          0.0154321 , -0.00205761, -0.00205761, -0.00205761, -0.00205761,\n",
       "         -0.00308642, -0.00102881, -0.00102881],\n",
       "        [-0.00205761, -0.00205761, -0.00308642, -0.00205761, -0.00205761,\n",
       "          0.0154321 , -0.00308642, -0.00205761, -0.00205761,  0.0154321 ,\n",
       "         -0.00308642,  0.0154321 , -0.00308642, -0.00205761, -0.00308642,\n",
       "         -0.00308642, -0.00205761, -0.00205761, -0.00205761, -0.00205761,\n",
       "         -0.00308642, -0.00102881, -0.00102881],\n",
       "        [-0.00205761, -0.00205761,  0.0154321 , -0.00205761, -0.00205761,\n",
       "         -0.00308642, -0.00308642, -0.00205761, -0.00205761, -0.00308642,\n",
       "          0.0154321 , -0.00308642,  0.0154321 , -0.00205761, -0.00308642,\n",
       "         -0.00308642, -0.00205761, -0.00205761, -0.00205761, -0.00205761,\n",
       "         -0.00308642, -0.00102881, -0.00102881],\n",
       "        [-0.00205761, -0.00205761, -0.00308642, -0.00205761, -0.00205761,\n",
       "         -0.00308642, -0.00308642, -0.00205761, -0.00205761, -0.00308642,\n",
       "         -0.00308642,  0.0154321 , -0.00308642,  0.01646091,  0.0154321 ,\n",
       "         -0.00308642, -0.00205761, -0.00205761, -0.00205761, -0.00205761,\n",
       "         -0.00308642, -0.00102881, -0.00102881],\n",
       "        [ 0.01714678, -0.00137174, -0.00205761, -0.00137174, -0.00137174,\n",
       "         -0.00205761, -0.00205761, -0.00137174, -0.00137174, -0.00205761,\n",
       "         -0.00205761, -0.00205761,  0.01646091, -0.00137174, -0.00205761,\n",
       "         -0.00205761, -0.00137174, -0.00137174, -0.00137174, -0.00137174,\n",
       "         -0.00205761, -0.00068587, -0.00068587],\n",
       "        [-0.00205761, -0.00205761, -0.00308642, -0.00205761, -0.00205761,\n",
       "         -0.00308642, -0.00308642, -0.00205761, -0.00205761, -0.00308642,\n",
       "         -0.00308642, -0.00308642,  0.0154321 , -0.00205761, -0.00308642,\n",
       "          0.0154321 , -0.00205761, -0.00205761, -0.00205761,  0.01646091,\n",
       "         -0.00308642, -0.00102881, -0.00102881],\n",
       "        [-0.00205761, -0.00205761, -0.00308642, -0.00205761, -0.00205761,\n",
       "         -0.00308642, -0.00308642, -0.00205761, -0.00205761,  0.0154321 ,\n",
       "         -0.00308642, -0.00308642, -0.00308642, -0.00205761,  0.0154321 ,\n",
       "         -0.00308642,  0.01646091, -0.00205761, -0.00205761, -0.00205761,\n",
       "         -0.00308642, -0.00102881, -0.00102881],\n",
       "        [-0.00137174, -0.00137174, -0.00205761, -0.00137174, -0.00137174,\n",
       "         -0.00205761, -0.00205761, -0.00137174, -0.00137174, -0.00205761,\n",
       "         -0.00205761, -0.00205761, -0.00205761, -0.00137174, -0.00205761,\n",
       "          0.01646091, -0.00137174,  0.01714678, -0.00137174, -0.00137174,\n",
       "         -0.00205761, -0.00068587, -0.00068587],\n",
       "        [-0.00137174, -0.00137174, -0.00205761, -0.00137174, -0.00137174,\n",
       "         -0.00205761, -0.00205761, -0.00137174, -0.00137174, -0.00205761,\n",
       "         -0.00205761, -0.00205761, -0.00205761, -0.00137174, -0.00205761,\n",
       "         -0.00205761,  0.01714678, -0.00137174,  0.01714678, -0.00137174,\n",
       "         -0.00205761, -0.00068587, -0.00068587],\n",
       "        [-0.00137174, -0.00137174, -0.00205761, -0.00137174, -0.00137174,\n",
       "         -0.00205761, -0.00205761, -0.00137174, -0.00137174, -0.00205761,\n",
       "         -0.00205761, -0.00205761, -0.00205761, -0.00137174, -0.00205761,\n",
       "         -0.00205761, -0.00137174,  0.01714678, -0.00137174,  0.01714678,\n",
       "         -0.00205761, -0.00068587, -0.00068587],\n",
       "        [-0.00137174, -0.00137174, -0.00205761, -0.00137174, -0.00137174,\n",
       "         -0.00205761, -0.00205761, -0.00137174, -0.00137174, -0.00205761,\n",
       "         -0.00205761, -0.00205761, -0.00205761, -0.00137174,  0.01646091,\n",
       "         -0.00205761, -0.00137174, -0.00137174,  0.01714678, -0.00137174,\n",
       "         -0.00205761, -0.00068587, -0.00068587],\n",
       "        [-0.00205761, -0.00205761, -0.00308642, -0.00205761, -0.00205761,\n",
       "         -0.00308642,  0.0154321 , -0.00205761, -0.00205761, -0.00308642,\n",
       "         -0.00308642, -0.00308642, -0.00308642, -0.00205761, -0.00308642,\n",
       "         -0.00308642, -0.00205761, -0.00205761, -0.00205761, -0.00205761,\n",
       "         -0.00308642,  0.01748971,  0.01748971],\n",
       "        [-0.00068587, -0.00068587, -0.00102881, -0.00068587, -0.00068587,\n",
       "         -0.00102881, -0.00102881, -0.00068587, -0.00068587, -0.00102881,\n",
       "         -0.00102881, -0.00102881, -0.00102881, -0.00068587, -0.00102881,\n",
       "         -0.00102881, -0.00068587, -0.00068587, -0.00068587, -0.00068587,\n",
       "          0.01748971, -0.00034294, -0.00034294],\n",
       "        [-0.00068587, -0.00068587, -0.00102881, -0.00068587, -0.00068587,\n",
       "         -0.00102881, -0.00102881, -0.00068587, -0.00068587, -0.00102881,\n",
       "         -0.00102881, -0.00102881, -0.00102881, -0.00068587, -0.00102881,\n",
       "         -0.00102881, -0.00068587, -0.00068587, -0.00068587, -0.00068587,\n",
       "          0.01748971, -0.00034294, -0.00034294]])"
      ]
     },
     "execution_count": 9,
     "metadata": {},
     "output_type": "execute_result"
    }
   ],
   "source": [
    "def ro(t, P, p, Me):\n",
    "    return P * np.linalg.matrix_power(Me, t) - pi.transpose() * pi\n",
    "print(PI.shape, pi.shape, M.shape)\n",
    "ro(1, PI, pi, M)"
   ]
  },
  {
   "cell_type": "code",
   "execution_count": 10,
   "id": "f8090e4f",
   "metadata": {},
   "outputs": [],
   "source": [
    "#covarianza para v 3.3\n",
    "def attr_cov(v, cova, lag):\n",
    "    cov = []\n",
    "    for t in range(lag+1):\n",
    "        cov.append((v.transpose() * cova[t] * v).tolist()[0][0])\n",
    "    return cov"
   ]
  },
  {
   "cell_type": "code",
   "execution_count": 11,
   "id": "f3669b2e",
   "metadata": {},
   "outputs": [],
   "source": [
    "#covarianzar de variable categorica 3.6\n",
    "def covarianza(Me, p, P, Ha, lag):\n",
    "    # cov son las matrices de covarianza\n",
    "    # aut son las matrices de autocovarianza\n",
    "    # tr son las trazas de aut\n",
    "    cov = []\n",
    "    aut = []\n",
    "    tr = []\n",
    "    for t in range(lag +1):\n",
    "        cov.append(ro(t, P, p, Me))\n",
    "        aut.append(Ha.transpose() * cov[-1] * Ha)\n",
    "        tr.append(np.trace(aut[-1]))\n",
    "    return cov, aut, tr"
   ]
  },
  {
   "cell_type": "code",
   "execution_count": 12,
   "id": "bb96eeb6",
   "metadata": {},
   "outputs": [
    {
     "data": {
      "text/plain": [
       "array([[ 0.17149859+0.j, -0.17149859+0.j, -0.09727702+0.j],\n",
       "       [ 0.17149859+0.j,  0.17149859+0.j,  0.06678518+0.j],\n",
       "       [ 0.25724788+0.j, -0.25724788+0.j, -0.04100714+0.j],\n",
       "       [ 0.17149859+0.j,  0.17149859+0.j, -0.03107319+0.j],\n",
       "       [ 0.17149859+0.j, -0.17149859+0.j,  0.08531786+0.j],\n",
       "       [ 0.25724788+0.j,  0.25724788+0.j, -0.19218334+0.j],\n",
       "       [ 0.25724788+0.j, -0.25724788+0.j,  0.36503288+0.j],\n",
       "       [ 0.17149859+0.j,  0.17149859+0.j, -0.18153979+0.j],\n",
       "       [ 0.17149859+0.j, -0.17149859+0.j,  0.09538161+0.j],\n",
       "       [ 0.25724788+0.j,  0.25724788+0.j,  0.00534948+0.j],\n",
       "       [ 0.25724788+0.j, -0.25724788+0.j,  0.04488549+0.j],\n",
       "       [ 0.25724788+0.j,  0.25724788+0.j,  0.06120544+0.j],\n",
       "       [ 0.25724788+0.j, -0.25724788+0.j, -0.1751841 +0.j],\n",
       "       [ 0.17149859+0.j,  0.17149859+0.j,  0.11472496+0.j],\n",
       "       [ 0.25724788+0.j,  0.25724788+0.j,  0.25702369+0.j],\n",
       "       [ 0.25724788+0.j, -0.25724788+0.j, -0.20293038+0.j],\n",
       "       [ 0.17149859+0.j,  0.17149859+0.j,  0.20373433+0.j],\n",
       "       [ 0.17149859+0.j, -0.17149859+0.j, -0.24486294+0.j],\n",
       "       [ 0.17149859+0.j,  0.17149859+0.j,  0.25315781+0.j],\n",
       "       [ 0.17149859+0.j, -0.17149859+0.j, -0.22750669+0.j],\n",
       "       [ 0.25724788+0.j,  0.25724788+0.j, -0.55718457+0.j],\n",
       "       [ 0.08574929+0.j, -0.08574929+0.j,  0.19907522+0.j],\n",
       "       [ 0.08574929+0.j, -0.08574929+0.j,  0.19907522+0.j]])"
      ]
     },
     "execution_count": 12,
     "metadata": {},
     "output_type": "execute_result"
    }
   ],
   "source": [
    "evalues, evectors = sp_linalg.eigs(M.transpose(), k = 3, which = 'LM')\n",
    "evectors"
   ]
  },
  {
   "cell_type": "code",
   "execution_count": 13,
   "id": "244015f4",
   "metadata": {},
   "outputs": [
    {
     "data": {
      "text/plain": [
       "[matrix([[ 0.03566529, -0.00137174, -0.00205761, -0.00137174, -0.00137174,\n",
       "          -0.00205761, -0.00205761, -0.00137174, -0.00137174, -0.00205761,\n",
       "          -0.00205761, -0.00205761, -0.00205761, -0.00137174, -0.00205761,\n",
       "          -0.00205761, -0.00137174, -0.00137174, -0.00137174, -0.00137174,\n",
       "          -0.00205761, -0.00068587, -0.00068587],\n",
       "         [-0.00137174,  0.03566529, -0.00205761, -0.00137174, -0.00137174,\n",
       "          -0.00205761, -0.00205761, -0.00137174, -0.00137174, -0.00205761,\n",
       "          -0.00205761, -0.00205761, -0.00205761, -0.00137174, -0.00205761,\n",
       "          -0.00205761, -0.00137174, -0.00137174, -0.00137174, -0.00137174,\n",
       "          -0.00205761, -0.00068587, -0.00068587],\n",
       "         [-0.00205761, -0.00205761,  0.05246914, -0.00205761, -0.00205761,\n",
       "          -0.00308642, -0.00308642, -0.00205761, -0.00205761, -0.00308642,\n",
       "          -0.00308642, -0.00308642, -0.00308642, -0.00205761, -0.00308642,\n",
       "          -0.00308642, -0.00205761, -0.00205761, -0.00205761, -0.00205761,\n",
       "          -0.00308642, -0.00102881, -0.00102881],\n",
       "         [-0.00137174, -0.00137174, -0.00205761,  0.03566529, -0.00137174,\n",
       "          -0.00205761, -0.00205761, -0.00137174, -0.00137174, -0.00205761,\n",
       "          -0.00205761, -0.00205761, -0.00205761, -0.00137174, -0.00205761,\n",
       "          -0.00205761, -0.00137174, -0.00137174, -0.00137174, -0.00137174,\n",
       "          -0.00205761, -0.00068587, -0.00068587],\n",
       "         [-0.00137174, -0.00137174, -0.00205761, -0.00137174,  0.03566529,\n",
       "          -0.00205761, -0.00205761, -0.00137174, -0.00137174, -0.00205761,\n",
       "          -0.00205761, -0.00205761, -0.00205761, -0.00137174, -0.00205761,\n",
       "          -0.00205761, -0.00137174, -0.00137174, -0.00137174, -0.00137174,\n",
       "          -0.00205761, -0.00068587, -0.00068587],\n",
       "         [-0.00205761, -0.00205761, -0.00308642, -0.00205761, -0.00205761,\n",
       "           0.05246914, -0.00308642, -0.00205761, -0.00205761, -0.00308642,\n",
       "          -0.00308642, -0.00308642, -0.00308642, -0.00205761, -0.00308642,\n",
       "          -0.00308642, -0.00205761, -0.00205761, -0.00205761, -0.00205761,\n",
       "          -0.00308642, -0.00102881, -0.00102881],\n",
       "         [-0.00205761, -0.00205761, -0.00308642, -0.00205761, -0.00205761,\n",
       "          -0.00308642,  0.05246914, -0.00205761, -0.00205761, -0.00308642,\n",
       "          -0.00308642, -0.00308642, -0.00308642, -0.00205761, -0.00308642,\n",
       "          -0.00308642, -0.00205761, -0.00205761, -0.00205761, -0.00205761,\n",
       "          -0.00308642, -0.00102881, -0.00102881],\n",
       "         [-0.00137174, -0.00137174, -0.00205761, -0.00137174, -0.00137174,\n",
       "          -0.00205761, -0.00205761,  0.03566529, -0.00137174, -0.00205761,\n",
       "          -0.00205761, -0.00205761, -0.00205761, -0.00137174, -0.00205761,\n",
       "          -0.00205761, -0.00137174, -0.00137174, -0.00137174, -0.00137174,\n",
       "          -0.00205761, -0.00068587, -0.00068587],\n",
       "         [-0.00137174, -0.00137174, -0.00205761, -0.00137174, -0.00137174,\n",
       "          -0.00205761, -0.00205761, -0.00137174,  0.03566529, -0.00205761,\n",
       "          -0.00205761, -0.00205761, -0.00205761, -0.00137174, -0.00205761,\n",
       "          -0.00205761, -0.00137174, -0.00137174, -0.00137174, -0.00137174,\n",
       "          -0.00205761, -0.00068587, -0.00068587],\n",
       "         [-0.00205761, -0.00205761, -0.00308642, -0.00205761, -0.00205761,\n",
       "          -0.00308642, -0.00308642, -0.00205761, -0.00205761,  0.05246914,\n",
       "          -0.00308642, -0.00308642, -0.00308642, -0.00205761, -0.00308642,\n",
       "          -0.00308642, -0.00205761, -0.00205761, -0.00205761, -0.00205761,\n",
       "          -0.00308642, -0.00102881, -0.00102881],\n",
       "         [-0.00205761, -0.00205761, -0.00308642, -0.00205761, -0.00205761,\n",
       "          -0.00308642, -0.00308642, -0.00205761, -0.00205761, -0.00308642,\n",
       "           0.05246914, -0.00308642, -0.00308642, -0.00205761, -0.00308642,\n",
       "          -0.00308642, -0.00205761, -0.00205761, -0.00205761, -0.00205761,\n",
       "          -0.00308642, -0.00102881, -0.00102881],\n",
       "         [-0.00205761, -0.00205761, -0.00308642, -0.00205761, -0.00205761,\n",
       "          -0.00308642, -0.00308642, -0.00205761, -0.00205761, -0.00308642,\n",
       "          -0.00308642,  0.05246914, -0.00308642, -0.00205761, -0.00308642,\n",
       "          -0.00308642, -0.00205761, -0.00205761, -0.00205761, -0.00205761,\n",
       "          -0.00308642, -0.00102881, -0.00102881],\n",
       "         [-0.00205761, -0.00205761, -0.00308642, -0.00205761, -0.00205761,\n",
       "          -0.00308642, -0.00308642, -0.00205761, -0.00205761, -0.00308642,\n",
       "          -0.00308642, -0.00308642,  0.05246914, -0.00205761, -0.00308642,\n",
       "          -0.00308642, -0.00205761, -0.00205761, -0.00205761, -0.00205761,\n",
       "          -0.00308642, -0.00102881, -0.00102881],\n",
       "         [-0.00137174, -0.00137174, -0.00205761, -0.00137174, -0.00137174,\n",
       "          -0.00205761, -0.00205761, -0.00137174, -0.00137174, -0.00205761,\n",
       "          -0.00205761, -0.00205761, -0.00205761,  0.03566529, -0.00205761,\n",
       "          -0.00205761, -0.00137174, -0.00137174, -0.00137174, -0.00137174,\n",
       "          -0.00205761, -0.00068587, -0.00068587],\n",
       "         [-0.00205761, -0.00205761, -0.00308642, -0.00205761, -0.00205761,\n",
       "          -0.00308642, -0.00308642, -0.00205761, -0.00205761, -0.00308642,\n",
       "          -0.00308642, -0.00308642, -0.00308642, -0.00205761,  0.05246914,\n",
       "          -0.00308642, -0.00205761, -0.00205761, -0.00205761, -0.00205761,\n",
       "          -0.00308642, -0.00102881, -0.00102881],\n",
       "         [-0.00205761, -0.00205761, -0.00308642, -0.00205761, -0.00205761,\n",
       "          -0.00308642, -0.00308642, -0.00205761, -0.00205761, -0.00308642,\n",
       "          -0.00308642, -0.00308642, -0.00308642, -0.00205761, -0.00308642,\n",
       "           0.05246914, -0.00205761, -0.00205761, -0.00205761, -0.00205761,\n",
       "          -0.00308642, -0.00102881, -0.00102881],\n",
       "         [-0.00137174, -0.00137174, -0.00205761, -0.00137174, -0.00137174,\n",
       "          -0.00205761, -0.00205761, -0.00137174, -0.00137174, -0.00205761,\n",
       "          -0.00205761, -0.00205761, -0.00205761, -0.00137174, -0.00205761,\n",
       "          -0.00205761,  0.03566529, -0.00137174, -0.00137174, -0.00137174,\n",
       "          -0.00205761, -0.00068587, -0.00068587],\n",
       "         [-0.00137174, -0.00137174, -0.00205761, -0.00137174, -0.00137174,\n",
       "          -0.00205761, -0.00205761, -0.00137174, -0.00137174, -0.00205761,\n",
       "          -0.00205761, -0.00205761, -0.00205761, -0.00137174, -0.00205761,\n",
       "          -0.00205761, -0.00137174,  0.03566529, -0.00137174, -0.00137174,\n",
       "          -0.00205761, -0.00068587, -0.00068587],\n",
       "         [-0.00137174, -0.00137174, -0.00205761, -0.00137174, -0.00137174,\n",
       "          -0.00205761, -0.00205761, -0.00137174, -0.00137174, -0.00205761,\n",
       "          -0.00205761, -0.00205761, -0.00205761, -0.00137174, -0.00205761,\n",
       "          -0.00205761, -0.00137174, -0.00137174,  0.03566529, -0.00137174,\n",
       "          -0.00205761, -0.00068587, -0.00068587],\n",
       "         [-0.00137174, -0.00137174, -0.00205761, -0.00137174, -0.00137174,\n",
       "          -0.00205761, -0.00205761, -0.00137174, -0.00137174, -0.00205761,\n",
       "          -0.00205761, -0.00205761, -0.00205761, -0.00137174, -0.00205761,\n",
       "          -0.00205761, -0.00137174, -0.00137174, -0.00137174,  0.03566529,\n",
       "          -0.00205761, -0.00068587, -0.00068587],\n",
       "         [-0.00205761, -0.00205761, -0.00308642, -0.00205761, -0.00205761,\n",
       "          -0.00308642, -0.00308642, -0.00205761, -0.00205761, -0.00308642,\n",
       "          -0.00308642, -0.00308642, -0.00308642, -0.00205761, -0.00308642,\n",
       "          -0.00308642, -0.00205761, -0.00205761, -0.00205761, -0.00205761,\n",
       "           0.05246914, -0.00102881, -0.00102881],\n",
       "         [-0.00068587, -0.00068587, -0.00102881, -0.00068587, -0.00068587,\n",
       "          -0.00102881, -0.00102881, -0.00068587, -0.00068587, -0.00102881,\n",
       "          -0.00102881, -0.00102881, -0.00102881, -0.00068587, -0.00102881,\n",
       "          -0.00102881, -0.00068587, -0.00068587, -0.00068587, -0.00068587,\n",
       "          -0.00102881,  0.01817558, -0.00034294],\n",
       "         [-0.00068587, -0.00068587, -0.00102881, -0.00068587, -0.00068587,\n",
       "          -0.00102881, -0.00102881, -0.00068587, -0.00068587, -0.00102881,\n",
       "          -0.00102881, -0.00102881, -0.00102881, -0.00068587, -0.00102881,\n",
       "          -0.00102881, -0.00068587, -0.00068587, -0.00068587, -0.00068587,\n",
       "          -0.00102881, -0.00034294,  0.01817558]]),\n",
       " matrix([[-0.00137174,  0.01714678, -0.00205761, -0.00137174, -0.00137174,\n",
       "          -0.00205761, -0.00205761, -0.00137174, -0.00137174, -0.00205761,\n",
       "          -0.00205761, -0.00205761, -0.00205761,  0.01714678, -0.00205761,\n",
       "          -0.00205761, -0.00137174, -0.00137174, -0.00137174, -0.00137174,\n",
       "          -0.00205761, -0.00068587, -0.00068587],\n",
       "         [ 0.01714678, -0.00137174,  0.01646091, -0.00137174, -0.00137174,\n",
       "          -0.00205761, -0.00205761, -0.00137174, -0.00137174, -0.00205761,\n",
       "          -0.00205761, -0.00205761, -0.00205761, -0.00137174, -0.00205761,\n",
       "          -0.00205761, -0.00137174, -0.00137174, -0.00137174, -0.00137174,\n",
       "          -0.00205761, -0.00068587, -0.00068587],\n",
       "         [-0.00205761,  0.01646091, -0.00308642,  0.01646091, -0.00205761,\n",
       "          -0.00308642, -0.00308642, -0.00205761, -0.00205761, -0.00308642,\n",
       "          -0.00308642,  0.0154321 , -0.00308642, -0.00205761, -0.00308642,\n",
       "          -0.00308642, -0.00205761, -0.00205761, -0.00205761, -0.00205761,\n",
       "          -0.00308642, -0.00102881, -0.00102881],\n",
       "         [-0.00137174, -0.00137174,  0.01646091, -0.00137174,  0.01714678,\n",
       "          -0.00205761, -0.00205761, -0.00137174, -0.00137174, -0.00205761,\n",
       "          -0.00205761, -0.00205761, -0.00205761, -0.00137174, -0.00205761,\n",
       "          -0.00205761, -0.00137174, -0.00137174, -0.00137174, -0.00137174,\n",
       "          -0.00205761, -0.00068587, -0.00068587],\n",
       "         [-0.00137174, -0.00137174, -0.00205761,  0.01714678, -0.00137174,\n",
       "           0.01646091, -0.00205761, -0.00137174, -0.00137174, -0.00205761,\n",
       "          -0.00205761, -0.00205761, -0.00205761, -0.00137174, -0.00205761,\n",
       "          -0.00205761, -0.00137174, -0.00137174, -0.00137174, -0.00137174,\n",
       "          -0.00205761, -0.00068587, -0.00068587],\n",
       "         [-0.00205761, -0.00205761, -0.00308642, -0.00205761,  0.01646091,\n",
       "          -0.00308642,  0.0154321 , -0.00205761, -0.00205761, -0.00308642,\n",
       "           0.0154321 , -0.00308642, -0.00308642, -0.00205761, -0.00308642,\n",
       "          -0.00308642, -0.00205761, -0.00205761, -0.00205761, -0.00205761,\n",
       "          -0.00308642, -0.00102881, -0.00102881],\n",
       "         [-0.00205761, -0.00205761, -0.00308642, -0.00205761, -0.00205761,\n",
       "           0.0154321 , -0.00308642,  0.01646091, -0.00205761, -0.00308642,\n",
       "          -0.00308642, -0.00308642, -0.00308642, -0.00205761, -0.00308642,\n",
       "          -0.00308642, -0.00205761, -0.00205761, -0.00205761, -0.00205761,\n",
       "           0.0154321 , -0.00102881, -0.00102881],\n",
       "         [-0.00137174, -0.00137174, -0.00205761, -0.00137174, -0.00137174,\n",
       "          -0.00205761,  0.01646091, -0.00137174,  0.01714678, -0.00205761,\n",
       "          -0.00205761, -0.00205761, -0.00205761, -0.00137174, -0.00205761,\n",
       "          -0.00205761, -0.00137174, -0.00137174, -0.00137174, -0.00137174,\n",
       "          -0.00205761, -0.00068587, -0.00068587],\n",
       "         [-0.00137174, -0.00137174, -0.00205761, -0.00137174, -0.00137174,\n",
       "          -0.00205761, -0.00205761,  0.01714678, -0.00137174,  0.01646091,\n",
       "          -0.00205761, -0.00205761, -0.00205761, -0.00137174, -0.00205761,\n",
       "          -0.00205761, -0.00137174, -0.00137174, -0.00137174, -0.00137174,\n",
       "          -0.00205761, -0.00068587, -0.00068587],\n",
       "         [-0.00205761, -0.00205761, -0.00308642, -0.00205761, -0.00205761,\n",
       "          -0.00308642, -0.00308642, -0.00205761,  0.01646091, -0.00308642,\n",
       "           0.0154321 , -0.00308642, -0.00308642, -0.00205761, -0.00308642,\n",
       "           0.0154321 , -0.00205761, -0.00205761, -0.00205761, -0.00205761,\n",
       "          -0.00308642, -0.00102881, -0.00102881],\n",
       "         [-0.00205761, -0.00205761, -0.00308642, -0.00205761, -0.00205761,\n",
       "           0.0154321 , -0.00308642, -0.00205761, -0.00205761,  0.0154321 ,\n",
       "          -0.00308642,  0.0154321 , -0.00308642, -0.00205761, -0.00308642,\n",
       "          -0.00308642, -0.00205761, -0.00205761, -0.00205761, -0.00205761,\n",
       "          -0.00308642, -0.00102881, -0.00102881],\n",
       "         [-0.00205761, -0.00205761,  0.0154321 , -0.00205761, -0.00205761,\n",
       "          -0.00308642, -0.00308642, -0.00205761, -0.00205761, -0.00308642,\n",
       "           0.0154321 , -0.00308642,  0.0154321 , -0.00205761, -0.00308642,\n",
       "          -0.00308642, -0.00205761, -0.00205761, -0.00205761, -0.00205761,\n",
       "          -0.00308642, -0.00102881, -0.00102881],\n",
       "         [-0.00205761, -0.00205761, -0.00308642, -0.00205761, -0.00205761,\n",
       "          -0.00308642, -0.00308642, -0.00205761, -0.00205761, -0.00308642,\n",
       "          -0.00308642,  0.0154321 , -0.00308642,  0.01646091,  0.0154321 ,\n",
       "          -0.00308642, -0.00205761, -0.00205761, -0.00205761, -0.00205761,\n",
       "          -0.00308642, -0.00102881, -0.00102881],\n",
       "         [ 0.01714678, -0.00137174, -0.00205761, -0.00137174, -0.00137174,\n",
       "          -0.00205761, -0.00205761, -0.00137174, -0.00137174, -0.00205761,\n",
       "          -0.00205761, -0.00205761,  0.01646091, -0.00137174, -0.00205761,\n",
       "          -0.00205761, -0.00137174, -0.00137174, -0.00137174, -0.00137174,\n",
       "          -0.00205761, -0.00068587, -0.00068587],\n",
       "         [-0.00205761, -0.00205761, -0.00308642, -0.00205761, -0.00205761,\n",
       "          -0.00308642, -0.00308642, -0.00205761, -0.00205761, -0.00308642,\n",
       "          -0.00308642, -0.00308642,  0.0154321 , -0.00205761, -0.00308642,\n",
       "           0.0154321 , -0.00205761, -0.00205761, -0.00205761,  0.01646091,\n",
       "          -0.00308642, -0.00102881, -0.00102881],\n",
       "         [-0.00205761, -0.00205761, -0.00308642, -0.00205761, -0.00205761,\n",
       "          -0.00308642, -0.00308642, -0.00205761, -0.00205761,  0.0154321 ,\n",
       "          -0.00308642, -0.00308642, -0.00308642, -0.00205761,  0.0154321 ,\n",
       "          -0.00308642,  0.01646091, -0.00205761, -0.00205761, -0.00205761,\n",
       "          -0.00308642, -0.00102881, -0.00102881],\n",
       "         [-0.00137174, -0.00137174, -0.00205761, -0.00137174, -0.00137174,\n",
       "          -0.00205761, -0.00205761, -0.00137174, -0.00137174, -0.00205761,\n",
       "          -0.00205761, -0.00205761, -0.00205761, -0.00137174, -0.00205761,\n",
       "           0.01646091, -0.00137174,  0.01714678, -0.00137174, -0.00137174,\n",
       "          -0.00205761, -0.00068587, -0.00068587],\n",
       "         [-0.00137174, -0.00137174, -0.00205761, -0.00137174, -0.00137174,\n",
       "          -0.00205761, -0.00205761, -0.00137174, -0.00137174, -0.00205761,\n",
       "          -0.00205761, -0.00205761, -0.00205761, -0.00137174, -0.00205761,\n",
       "          -0.00205761,  0.01714678, -0.00137174,  0.01714678, -0.00137174,\n",
       "          -0.00205761, -0.00068587, -0.00068587],\n",
       "         [-0.00137174, -0.00137174, -0.00205761, -0.00137174, -0.00137174,\n",
       "          -0.00205761, -0.00205761, -0.00137174, -0.00137174, -0.00205761,\n",
       "          -0.00205761, -0.00205761, -0.00205761, -0.00137174, -0.00205761,\n",
       "          -0.00205761, -0.00137174,  0.01714678, -0.00137174,  0.01714678,\n",
       "          -0.00205761, -0.00068587, -0.00068587],\n",
       "         [-0.00137174, -0.00137174, -0.00205761, -0.00137174, -0.00137174,\n",
       "          -0.00205761, -0.00205761, -0.00137174, -0.00137174, -0.00205761,\n",
       "          -0.00205761, -0.00205761, -0.00205761, -0.00137174,  0.01646091,\n",
       "          -0.00205761, -0.00137174, -0.00137174,  0.01714678, -0.00137174,\n",
       "          -0.00205761, -0.00068587, -0.00068587],\n",
       "         [-0.00205761, -0.00205761, -0.00308642, -0.00205761, -0.00205761,\n",
       "          -0.00308642,  0.0154321 , -0.00205761, -0.00205761, -0.00308642,\n",
       "          -0.00308642, -0.00308642, -0.00308642, -0.00205761, -0.00308642,\n",
       "          -0.00308642, -0.00205761, -0.00205761, -0.00205761, -0.00205761,\n",
       "          -0.00308642,  0.01748971,  0.01748971],\n",
       "         [-0.00068587, -0.00068587, -0.00102881, -0.00068587, -0.00068587,\n",
       "          -0.00102881, -0.00102881, -0.00068587, -0.00068587, -0.00102881,\n",
       "          -0.00102881, -0.00102881, -0.00102881, -0.00068587, -0.00102881,\n",
       "          -0.00102881, -0.00068587, -0.00068587, -0.00068587, -0.00068587,\n",
       "           0.01748971, -0.00034294, -0.00034294],\n",
       "         [-0.00068587, -0.00068587, -0.00102881, -0.00068587, -0.00068587,\n",
       "          -0.00102881, -0.00102881, -0.00068587, -0.00068587, -0.00102881,\n",
       "          -0.00102881, -0.00102881, -0.00102881, -0.00068587, -0.00102881,\n",
       "          -0.00102881, -0.00068587, -0.00068587, -0.00068587, -0.00068587,\n",
       "           0.01748971, -0.00034294, -0.00034294]]),\n",
       " matrix([[ 0.01714678, -0.00137174,  0.00720165, -0.00137174, -0.00137174,\n",
       "          -0.00205761, -0.00205761, -0.00137174, -0.00137174, -0.00205761,\n",
